lastAccountName: krakken858
timestamps:
  login: 1563633680117
  logout: 1563612580758
  kits:
    notch: 1562997406187
    dtools: 1562997422742
  lastteleport: 1563634219429
ipAddress: 127.0.0.1
lastlocation:
  world: world
  x: 97.18818213183161
  y: 76.0
  z: -159.69999998807907
  yaw: 0.0
  pitch: 0.0
logoutlocation:
  world: world
  x: 10.674433297849541
  y: 77.0
  z: 113.30000001192093
  yaw: -233.18176
  pitch: 21.754507
afk: false
