jails: 
  jail: 
    world: spawn
    x: 914.6990872342267
    y: 64.0
    z: 73.43473916689803
    yaw: 89.11017
    pitch: 9.448737
