spawns: 
  default: 
    world: spawn
    x: 980.8191680193886
    y: 78.5
    z: 115.55303999125398
    yaw: -90.297
    pitch: 5.6999245
  member: 
    world: spawn
    x: 980.8191680193886
    y: 78.5
    z: 115.55303999125398
    yaw: -90.297
    pitch: 5.6999245
