world: spawn
x: 936.4764085041787
y: 70.0
z: 60.837209527230804
yaw: -181.0232
pitch: -10.949783
name: church
lastowner: a65d1ac7-a445-4a16-a20f-36b9d0c6f8d3
