world: spawn
x: 913.6041061161036
y: 76.0
z: 2.978432094991431
yaw: -179.97498
pitch: -15.599756
name: event_hall
lastowner: a65d1ac7-a445-4a16-a20f-36b9d0c6f8d3
