world: spawn
x: 917.2674411567301
y: 65.0
z: 111.35517620338139
yaw: -269.5276
pitch: 2.1001043
name: fishing
lastowner: a65d1ac7-a445-4a16-a20f-36b9d0c6f8d3
