world: spawn
x: 917.6441229573877
y: 65.0
z: 85.33458584059703
yaw: -181.77386
pitch: -8.999923
name: jail
lastowner: a65d1ac7-a445-4a16-a20f-36b9d0c6f8d3
