world: spawn
x: 966.6297881621058
y: 82.0
z: 170.01449611937542
yaw: -358.62573
pitch: 0.1500519
name: mob_arena
lastowner: a65d1ac7-a445-4a16-a20f-36b9d0c6f8d3
