world: spawn
x: 1024.5289098190613
y: 85.0
z: 106.41168206744172
yaw: -89.67471
pitch: -5.5499725
name: pvp_arena
lastowner: a65d1ac7-a445-4a16-a20f-36b9d0c6f8d3
